 3
 1.0 1.2 0.89
 0.88 1.0 5.1
 1.1 0.15 1.0 
 4
 1.0 3.1    0.0023    0.35
 0.21 1.0    0.00353   8.13 
 200    180.559 1.0    10.339
 2.11   0.089     0.06111 1.0 
 2
 1.0 2.0
 0.45 1.0 
 5
 1      0.741  0.657  1.061  1.005
 1.349  1      0.888  1.433  1.366
 1.521  1.126  1      1.614  1.538
 0.942  0.698  0.619  1      0.953
 0.995  0.732  0.650  1.049  1
 6
 1.0000	0.6853	0.005290	0.4569	0.6368	208.100
 1.4599	1.0000	0.007721	0.6677	0.9303	304.028
 189.050	129.520	1.0000	85.4694	120.400	39346.7
 2.1904	1.4978	0.011574	1.0000	1.3941	455.200
 1.5714	1.0752	0.008309	0.7182	1.0000	322.250
 0.004816	0.003295	0.0000255	0.002201	0.003065	1.0000
 6
 1	0.01	0.001	0.1	0.1	208.100
 1	1	0.001	0.6677 0.1 1
 1	1	1	1	1	1
 1	1	0.001	1	1	455.200
 1.5714	1.0752	0.001	0.7182	1	322.250
 0.001	0.001	0.00001	0.001	0.001	1